******** ENTRY 01 ********
ID:                  01
Data1:               0.1834869385E-002
Data2:              10.9598489301
Data3:              -0.1091356549E+001
Data4:                715

ID:                  02
Data1:               0.18348674325E-012
Data2:              10.9598489301
Data3:              0.0
Data4:                5748

ID:                  03
Data1:               20.1834869385E-002
Data2:              10.954576354
Data3:              10.13476858762435E+001
Data4:                7456